1,1,7,2,5300000.0,16/06/2023,20/06/2023
2,2,7,2,1340000.0,16/06/2023,17/06/2023
3,2,9,2,1600000.0,16/06/2023,17/06/2023
4,3,16,3,1.95E7,18/06/2023,21/06/2023
5,4,20,3,5190000.0,18/06/2023,20/06/2023
6,4,21,2,4800000.0,18/06/2023,20/06/2023
7,5,20,2,3460000.0,18/06/2023,20/06/2023
8,5,21,3,7200000.0,18/06/2023,20/06/2023
9,6,20,2,3460000.0,18/06/2023,20/06/2023
10,6,21,3,7200000.0,18/06/2023,20/06/2023
11,7,20,3,5190000.0,18/06/2023,20/06/2023
12,7,21,2,4800000.0,18/06/2023,20/06/2023
13,8,20,2,3460000.0,18/06/2023,20/06/2023
14,8,21,3,7200000.0,18/06/2023,20/06/2023
15,9,20,2,5100000.0,20/06/2023,23/06/2023
16,9,21,3,1.08E7,20/06/2023,23/06/2023
17,10,20,2,3320000.0,21/06/2023,23/06/2023
18,10,21,2,4800000.0,21/06/2023,23/06/2023
19,11,20,2,3320000.0,21/06/2023,23/06/2023
20,11,21,2,4800000.0,21/06/2023,23/06/2023
21,12,8,2,2710000.0,22/06/2023,24/06/2023
22,12,9,2,3360000.0,22/06/2023,24/06/2023
23,13,8,2,0.0,20/06/2023,23/06/2023
24,14,8,2,2710000.0,22/06/2023,24/06/2023
25,14,9,2,3360000.0,22/06/2023,24/06/2023
26,15,22,2,1.2E7,23/06/2023,25/06/2023
27,15,23,2,1.0E7,23/06/2023,25/06/2023
28,16,22,2,1.2E7,25/06/2023,27/06/2023
29,16,24,3,1.5E7,25/06/2023,27/06/2023
30,17,22,3,2.7E7,21/06/2023,24/06/2023
31,17,23,3,2.25E7,21/06/2023,24/06/2023
32,18,22,2,1.8E7,21/06/2023,24/06/2023
33,18,23,2,1.5E7,21/06/2023,24/06/2023
34,19,22,2,1.8E7,21/06/2023,24/06/2023
35,19,23,4,3.0E7,21/06/2023,24/06/2023
36,20,22,3,2.7E7,21/06/2023,24/06/2023
